
SUMMARISING RUN PARAMETERS
==========================
Input filename: ./fastq_reads/SRR2961601.fastq
Trimming mode: single-end
Trim Galore version: 0.6.7
Cutadapt version: 4.0
Python version: could not detect
Number of cores used for trimming: 2
Quality Phred score cutoff: 20
Quality encoding type selected: ASCII+33
Using Illumina adapter for trimming (count: 175393). Second best hit was Nextera (count: 6)
Adapter sequence: 'AGATCGGAAGAGC' (Illumina TruSeq, Sanger iPCR; auto-detected)
Maximum trimming error rate: 0.1 (default)
Minimum required adapter overlap (stringency): 1 bp
Minimum required sequence length before a sequence gets removed: 20 bp


This is cutadapt 4.0 with Python 3.9.12
Command line parameters: -j 2 -e 0.1 -q 20 -O 1 -a AGATCGGAAGAGC ./fastq_reads/SRR2961601.fastq
Processing single-end reads on 2 cores ...
Finished in 92.28 s (5 µs/read; 13.15 M reads/minute).

=== Summary ===

Total reads processed:              20,223,225
Reads with adapters:                15,481,723 (76.6%)
Reads written (passing filters):    20,223,225 (100.0%)

Total basepairs processed: 2,042,545,725 bp
Quality-trimmed:             217,761,798 bp (10.7%)
Total written (filtered):  1,151,912,293 bp (56.4%)

=== Adapter 1 ===

Sequence: AGATCGGAAGAGC; Type: regular 3'; Length: 13; Trimmed: 15481723 times

Minimum overlap: 1
No. of allowed errors:
1-9 bp: 0; 10-13 bp: 1

Bases preceding removed adapters:
  A: 18.9%
  C: 12.3%
  G: 13.1%
  T: 12.8%
  none/other: 42.8%

Overview of removed sequences
length	count	expect	max.err	error counts
1	2465240	5055806.2	0	2465240
2	619057	1263951.6	0	619057
3	241281	315987.9	0	241281
4	112490	78997.0	0	112490
5	92498	19749.2	0	92498
6	89824	4937.3	0	89824
7	87918	1234.3	0	87918
8	90554	308.6	0	90554
9	101770	77.1	0	101250 520
10	101495	19.3	1	96730 4765
11	106107	4.8	1	100170 5937
12	109880	1.2	1	103192 6688
13	101389	0.3	1	94852 6537
14	101301	0.3	1	94465 6836
15	99118	0.3	1	92002 7116
16	101790	0.3	1	94645 7145
17	110826	0.3	1	102636 8190
18	125718	0.3	1	117662 8056
19	72131	0.3	1	66277 5854
20	106585	0.3	1	99408 7177
21	114326	0.3	1	106201 8125
22	115234	0.3	1	107144 8090
23	113958	0.3	1	105025 8933
24	109678	0.3	1	100791 8887
25	105454	0.3	1	96905 8549
26	95838	0.3	1	86443 9395
27	100134	0.3	1	88840 11294
28	99591	0.3	1	89203 10388
29	101358	0.3	1	90929 10429
30	103867	0.3	1	93755 10112
31	92458	0.3	1	83027 9431
32	107692	0.3	1	97584 10108
33	93831	0.3	1	82463 11368
34	98526	0.3	1	87646 10880
35	94900	0.3	1	83881 11019
36	89312	0.3	1	80085 9227
37	87099	0.3	1	76560 10539
38	86566	0.3	1	76396 10170
39	100540	0.3	1	89193 11347
40	80421	0.3	1	70646 9775
41	94842	0.3	1	84293 10549
42	100189	0.3	1	88695 11494
43	102684	0.3	1	90712 11972
44	92962	0.3	1	81569 11393
45	105828	0.3	1	93603 12225
46	97168	0.3	1	86918 10250
47	74653	0.3	1	66213 8440
48	76205	0.3	1	67701 8504
49	81149	0.3	1	72658 8491
50	75179	0.3	1	67059 8120
51	84133	0.3	1	73590 10543
52	103703	0.3	1	91609 12094
53	106658	0.3	1	96207 10451
54	45921	0.3	1	39257 6664
55	64668	0.3	1	57248 7420
56	64766	0.3	1	56430 8336
57	65380	0.3	1	56319 9061
58	54773	0.3	1	45756 9017
59	59197	0.3	1	51215 7982
60	41720	0.3	1	33229 8491
61	46193	0.3	1	36173 10020
62	56420	0.3	1	37242 19178
63	64193	0.3	1	43452 20741
64	42253	0.3	1	30436 11817
65	40269	0.3	1	22473 17796
66	51467	0.3	1	21273 30194
67	86943	0.3	1	18139 68804
68	133860	0.3	1	16736 117124
69	403548	0.3	1	15495 388053
70	589233	0.3	1	19325 569908
71	701225	0.3	1	13222 688003
72	971029	0.3	1	8383 962646
73	1644295	0.3	1	4988 1639307
74	348235	0.3	1	2782 345453
75	52919	0.3	1	1275 51644
76	184213	0.3	1	486 183727
77	257646	0.3	1	190 257456
78	241412	0.3	1	90 241322
79	175902	0.3	1	55 175847
80	132132	0.3	1	24 132108
81	64562	0.3	1	16 64546
82	63303	0.3	1	13 63290
83	37724	0.3	1	8 37716
84	26697	0.3	1	7 26690
85	13799	0.3	1	5 13794
86	13131	0.3	1	5 13126
87	8760	0.3	1	8 8752
88	7185	0.3	1	9 7176
89	6063	0.3	1	7 6056
90	5401	0.3	1	3 5398
91	5399	0.3	1	2 5397
92	5698	0.3	1	4 5694
93	6231	0.3	1	7 6224
94	7306	0.3	1	7 7299
95	9020	0.3	1	7 9013
96	11998	0.3	1	9 11989
97	15150	0.3	1	8 15142
98	17961	0.3	1	5 17956
99	25062	0.3	1	3 25059
100	56922	0.3	1	3 56919
101	231431	0.3	1	11 231420

RUN STATISTICS FOR INPUT FILE: ./fastq_reads/SRR2961601.fastq
=============================================
20223225 sequences processed in total
Sequences removed because they became shorter than the length cutoff of 20 bp:	6652462 (32.9%)

