
SUMMARISING RUN PARAMETERS
==========================
Input filename: ./fastq_reads/SRR2961593.fastq
Trimming mode: single-end
Trim Galore version: 0.6.7
Cutadapt version: 4.0
Python version: could not detect
Number of cores used for trimming: 2
Quality Phred score cutoff: 20
Quality encoding type selected: ASCII+33
Using Illumina adapter for trimming (count: 175393). Second best hit was Nextera (count: 6)
Adapter sequence: 'AGATCGGAAGAGC' (Illumina TruSeq, Sanger iPCR; auto-detected)
Maximum trimming error rate: 0.1 (default)
Minimum required adapter overlap (stringency): 1 bp
Minimum required sequence length before a sequence gets removed: 20 bp


This is cutadapt 4.0 with Python 3.9.12
Command line parameters: -j 2 -e 0.1 -q 20 -O 1 -a AGATCGGAAGAGC ./fastq_reads/SRR2961593.fastq
Processing single-end reads on 2 cores ...
Finished in 105.19 s (4 µs/read; 13.63 M reads/minute).

=== Summary ===

Total reads processed:              23,898,784
Reads with adapters:                13,562,146 (56.7%)
Reads written (passing filters):    23,898,784 (100.0%)

Total basepairs processed: 2,413,777,184 bp
Quality-trimmed:             107,013,170 bp (4.4%)
Total written (filtered):  2,011,567,489 bp (83.3%)

=== Adapter 1 ===

Sequence: AGATCGGAAGAGC; Type: regular 3'; Length: 13; Trimmed: 13562146 times

Minimum overlap: 1
No. of allowed errors:
1-9 bp: 0; 10-13 bp: 1

Bases preceding removed adapters:
  A: 28.0%
  C: 20.2%
  G: 17.8%
  T: 19.8%
  none/other: 14.2%

Overview of removed sequences
length	count	expect	max.err	error counts
1	4431317	5974696.0	0	4431317
2	1321677	1493674.0	0	1321677
3	474135	373418.5	0	474135
4	176111	93354.6	0	176111
5	113943	23338.7	0	113943
6	114265	5834.7	0	114265
7	116083	1458.7	0	116083
8	105094	364.7	0	105094
9	132760	91.2	0	132438 322
10	123822	22.8	1	121243 2579
11	109287	5.7	1	107053 2234
12	132542	1.4	1	129954 2588
13	99938	0.4	1	97702 2236
14	116154	0.4	1	113651 2503
15	106714	0.4	1	104256 2458
16	111231	0.4	1	108383 2848
17	120668	0.4	1	117353 3315
18	136606	0.4	1	134096 2510
19	72705	0.4	1	71039 1666
20	106744	0.4	1	104613 2131
21	116300	0.4	1	114049 2251
22	124504	0.4	1	121990 2514
23	110242	0.4	1	108058 2184
24	112581	0.4	1	110267 2314
25	118099	0.4	1	115841 2258
26	92757	0.4	1	90370 2387
27	111195	0.4	1	107281 3914
28	131879	0.4	1	128304 3575
29	92893	0.4	1	90375 2518
30	144497	0.4	1	141552 2945
31	64611	0.4	1	62783 1828
32	111240	0.4	1	107872 3368
33	108320	0.4	1	105053 3267
34	100309	0.4	1	95998 4311
35	101783	0.4	1	98576 3207
36	98779	0.4	1	95755 3024
37	77951	0.4	1	74408 3543
38	118870	0.4	1	114448 4422
39	74197	0.4	1	70769 3428
40	86597	0.4	1	83036 3561
41	80490	0.4	1	77751 2739
42	77361	0.4	1	74308 3053
43	88209	0.4	1	85117 3092
44	81243	0.4	1	77659 3584
45	94563	0.4	1	90679 3884
46	90956	0.4	1	87616 3340
47	57340	0.4	1	54791 2549
48	59076	0.4	1	56689 2387
49	65338	0.4	1	62769 2569
50	57780	0.4	1	55246 2534
51	63957	0.4	1	60621 3336
52	79713	0.4	1	75398 4315
53	87156	0.4	1	84294 2862
54	27435	0.4	1	25370 2065
55	42687	0.4	1	39794 2893
56	44374	0.4	1	40662 3712
57	48949	0.4	1	44024 4925
58	28836	0.4	1	23118 5718
59	37311	0.4	1	32775 4536
60	22495	0.4	1	17196 5299
61	25224	0.4	1	16716 8508
62	41175	0.4	1	19653 21522
63	53895	0.4	1	27990 25905
64	31484	0.4	1	17363 14121
65	28168	0.4	1	8453 19715
66	46392	0.4	1	10161 36231
67	110782	0.4	1	7427 103355
68	203677	0.4	1	5758 197919
69	839394	0.4	1	4731 834663
70	401599	0.4	1	4744 396855
71	77020	0.4	1	2417 74603
72	23283	0.4	1	934 22349
73	7864	0.4	1	328 7536
74	2862	0.4	1	128 2734
75	2032	0.4	1	39 1993
76	2571	0.4	1	12 2559
77	4963	0.4	1	6 4957
78	4632	0.4	1	1 4631
79	4917	0.4	1	2 4915
80	4464	0.4	1	3 4461
81	2052	0.4	1	1 2051
82	1798	0.4	1	1 1797
83	1680	0.4	1	1 1679
84	1210	0.4	1	2 1208
85	1292	0.4	1	0 1292
86	1230	0.4	1	0 1230
87	1219	0.4	1	0 1219
88	1385	0.4	1	1 1384
89	1545	0.4	1	0 1545
90	1648	0.4	1	0 1648
91	1849	0.4	1	2 1847
92	2150	0.4	1	1 2149
93	2300	0.4	1	3 2297
94	2509	0.4	1	0 2509
95	3021	0.4	1	0 3021
96	3492	0.4	1	1 3491
97	3866	0.4	1	0 3866
98	4170	0.4	1	2 4168
99	5175	0.4	1	0 5175
100	13834	0.4	1	1 13833
101	33654	0.4	1	1 33653

RUN STATISTICS FOR INPUT FILE: ./fastq_reads/SRR2961593.fastq
=============================================
23898784 sequences processed in total
Sequences removed because they became shorter than the length cutoff of 20 bp:	1943033 (8.1%)

