
SUMMARISING RUN PARAMETERS
==========================
Input filename: ./fastq_reads/SRR2961599.fastq
Trimming mode: single-end
Trim Galore version: 0.6.7
Cutadapt version: 4.0
Python version: could not detect
Number of cores used for trimming: 2
Quality Phred score cutoff: 20
Quality encoding type selected: ASCII+33
Using Illumina adapter for trimming (count: 175393). Second best hit was Nextera (count: 6)
Adapter sequence: 'AGATCGGAAGAGC' (Illumina TruSeq, Sanger iPCR; auto-detected)
Maximum trimming error rate: 0.1 (default)
Minimum required adapter overlap (stringency): 1 bp
Minimum required sequence length before a sequence gets removed: 20 bp


This is cutadapt 4.0 with Python 3.9.12
Command line parameters: -j 2 -e 0.1 -q 20 -O 1 -a AGATCGGAAGAGC ./fastq_reads/SRR2961599.fastq
Processing single-end reads on 2 cores ...
Finished in 75.97 s (5 µs/read; 13.26 M reads/minute).

=== Summary ===

Total reads processed:              16,786,723
Reads with adapters:                12,392,739 (73.8%)
Reads written (passing filters):    16,786,723 (100.0%)

Total basepairs processed: 1,695,459,023 bp
Quality-trimmed:             203,145,841 bp (12.0%)
Total written (filtered):    920,733,838 bp (54.3%)

=== Adapter 1 ===

Sequence: AGATCGGAAGAGC; Type: regular 3'; Length: 13; Trimmed: 12392739 times

Minimum overlap: 1
No. of allowed errors:
1-9 bp: 0; 10-13 bp: 1

Bases preceding removed adapters:
  A: 16.8%
  C: 11.0%
  G: 10.6%
  T: 9.8%
  none/other: 51.8%

Overview of removed sequences
length	count	expect	max.err	error counts
1	2129478	4196680.8	0	2129478
2	549219	1049170.2	0	549219
3	197154	262292.5	0	197154
4	82221	65573.1	0	82221
5	64700	16393.3	0	64700
6	62009	4098.3	0	62009
7	61094	1024.6	0	61094
8	61802	256.1	0	61802
9	68946	64.0	0	68750 196
10	67461	16.0	1	64936 2525
11	66913	4.0	1	64227 2686
12	71015	1.0	1	68270 2745
13	66205	0.3	1	63316 2889
14	64645	0.3	1	61899 2746
15	66740	0.3	1	63689 3051
16	62260	0.3	1	59314 2946
17	70154	0.3	1	66890 3264
18	72528	0.3	1	69213 3315
19	54135	0.3	1	51605 2530
20	67204	0.3	1	64249 2955
21	67902	0.3	1	64678 3224
22	69250	0.3	1	66076 3174
23	68114	0.3	1	64519 3595
24	64668	0.3	1	60964 3704
25	65706	0.3	1	62053 3653
26	58461	0.3	1	53421 5040
27	64424	0.3	1	57161 7263
28	66749	0.3	1	60983 5766
29	56948	0.3	1	51921 5027
30	67057	0.3	1	62187 4870
31	44820	0.3	1	40598 4222
32	62344	0.3	1	57257 5087
33	48614	0.3	1	43137 5477
34	56267	0.3	1	50655 5612
35	50525	0.3	1	46206 4319
36	46437	0.3	1	42416 4021
37	49377	0.3	1	44768 4609
38	43014	0.3	1	38954 4060
39	45579	0.3	1	41520 4059
40	45480	0.3	1	41437 4043
41	46124	0.3	1	41848 4276
42	44422	0.3	1	39881 4541
43	47102	0.3	1	42470 4632
44	44354	0.3	1	40246 4108
45	47085	0.3	1	43067 4018
46	46854	0.3	1	42806 4048
47	37011	0.3	1	33596 3415
48	38083	0.3	1	34679 3404
49	38731	0.3	1	35512 3219
50	36485	0.3	1	33269 3216
51	39105	0.3	1	35241 3864
52	43477	0.3	1	39165 4312
53	46561	0.3	1	42684 3877
54	24904	0.3	1	22331 2573
55	31555	0.3	1	28553 3002
56	31113	0.3	1	27977 3136
57	30268	0.3	1	26323 3945
58	27499	0.3	1	23252 4247
59	28032	0.3	1	24246 3786
60	21671	0.3	1	17248 4423
61	23879	0.3	1	17388 6491
62	28218	0.3	1	16941 11277
63	30361	0.3	1	17034 13327
64	22716	0.3	1	13118 9598
65	23994	0.3	1	10310 13684
66	33452	0.3	1	9184 24268
67	66979	0.3	1	7616 59363
68	134696	0.3	1	6729 127967
69	418227	0.3	1	6362 411865
70	463024	0.3	1	8559 454465
71	509422	0.3	1	5272 504150
72	1096086	0.3	1	3214 1092872
73	1615776	0.3	1	2038 1613738
74	350763	0.3	1	1108 349655
75	53037	0.3	1	486 52551
76	187163	0.3	1	199 186964
77	260196	0.3	1	104 260092
78	252859	0.3	1	47 252812
79	188164	0.3	1	29 188135
80	140867	0.3	1	22 140845
81	68276	0.3	1	9 68267
82	67659	0.3	1	8 67651
83	40292	0.3	1	10 40282
84	28986	0.3	1	5 28981
85	14386	0.3	1	13 14373
86	13711	0.3	1	6 13705
87	9126	0.3	1	5 9121
88	7368	0.3	1	6 7362
89	6089	0.3	1	8 6081
90	5329	0.3	1	7 5322
91	4991	0.3	1	6 4985
92	5408	0.3	1	9 5399
93	5614	0.3	1	4 5610
94	6625	0.3	1	8 6617
95	8106	0.3	1	5 8101
96	10458	0.3	1	2 10456
97	13575	0.3	1	9 13566
98	16601	0.3	1	5 16596
99	21687	0.3	1	4 21683
100	46625	0.3	1	5 46620
101	193893	0.3	1	7 193886

RUN STATISTICS FOR INPUT FILE: ./fastq_reads/SRR2961599.fastq
=============================================
16786723 sequences processed in total
Sequences removed because they became shorter than the length cutoff of 20 bp:	6433236 (38.3%)

