
SUMMARISING RUN PARAMETERS
==========================
Input filename: ./fastq_reads/SRR2961597.fastq
Trimming mode: single-end
Trim Galore version: 0.6.7
Cutadapt version: 4.0
Python version: could not detect
Number of cores used for trimming: 2
Quality Phred score cutoff: 20
Quality encoding type selected: ASCII+33
Using Illumina adapter for trimming (count: 175393). Second best hit was Nextera (count: 6)
Adapter sequence: 'AGATCGGAAGAGC' (Illumina TruSeq, Sanger iPCR; auto-detected)
Maximum trimming error rate: 0.1 (default)
Minimum required adapter overlap (stringency): 1 bp
Minimum required sequence length before a sequence gets removed: 20 bp


This is cutadapt 4.0 with Python 3.9.12
Command line parameters: -j 2 -e 0.1 -q 20 -O 1 -a AGATCGGAAGAGC ./fastq_reads/SRR2961597.fastq
Processing single-end reads on 2 cores ...
Finished in 82.29 s (4 µs/read; 13.65 M reads/minute).

=== Summary ===

Total reads processed:              18,717,366
Reads with adapters:                10,778,282 (57.6%)
Reads written (passing filters):    18,717,366 (100.0%)

Total basepairs processed: 1,890,453,966 bp
Quality-trimmed:              50,782,566 bp (2.7%)
Total written (filtered):  1,630,452,930 bp (86.2%)

=== Adapter 1 ===

Sequence: AGATCGGAAGAGC; Type: regular 3'; Length: 13; Trimmed: 10778282 times

Minimum overlap: 1
No. of allowed errors:
1-9 bp: 0; 10-13 bp: 1

Bases preceding removed adapters:
  A: 29.1%
  C: 21.7%
  G: 21.7%
  T: 22.8%
  none/other: 4.6%

Overview of removed sequences
length	count	expect	max.err	error counts
1	3282382	4679341.5	0	3282382
2	1060937	1169835.4	0	1060937
3	377183	292458.8	0	377183
4	150825	73114.7	0	150825
5	100315	18278.7	0	100315
6	100767	4569.7	0	100767
7	105102	1142.4	0	105102
8	93942	285.6	0	93942
9	116443	71.4	0	116121 322
10	122199	17.9	1	120026 2173
11	99633	4.5	1	97792 1841
12	129000	1.1	1	126647 2353
13	92934	0.3	1	91018 1916
14	103559	0.3	1	101617 1942
15	93504	0.3	1	91539 1965
16	98699	0.3	1	96332 2367
17	107513	0.3	1	104716 2797
18	129619	0.3	1	127625 1994
19	57926	0.3	1	56683 1243
20	100712	0.3	1	98906 1806
21	111963	0.3	1	110039 1924
22	113190	0.3	1	111263 1927
23	113773	0.3	1	111820 1953
24	123852	0.3	1	121707 2145
25	105153	0.3	1	103363 1790
26	94028	0.3	1	92189 1839
27	103649	0.3	1	101328 2321
28	116778	0.3	1	114480 2298
29	97281	0.3	1	95279 2002
30	142057	0.3	1	139611 2446
31	72701	0.3	1	71232 1469
32	133520	0.3	1	130519 3001
33	96211	0.3	1	93988 2223
34	116793	0.3	1	113249 3544
35	106087	0.3	1	103418 2669
36	103891	0.3	1	101131 2760
37	96883	0.3	1	94274 2609
38	97301	0.3	1	94685 2616
39	105056	0.3	1	101833 3223
40	75825	0.3	1	73614 2211
41	94721	0.3	1	92461 2260
42	102177	0.3	1	99206 2971
43	103065	0.3	1	100653 2412
44	98330	0.3	1	95552 2778
45	107633	0.3	1	104537 3096
46	99407	0.3	1	96668 2739
47	67040	0.3	1	65276 1764
48	65403	0.3	1	63655 1748
49	71902	0.3	1	69873 2029
50	65842	0.3	1	64187 1655
51	74128	0.3	1	72199 1929
52	92813	0.3	1	90272 2541
53	108908	0.3	1	106747 2161
54	39229	0.3	1	38101 1128
55	55170	0.3	1	53529 1641
56	54338	0.3	1	52615 1723
57	54733	0.3	1	52645 2088
58	31249	0.3	1	29495 1754
59	40888	0.3	1	39055 1833
60	24715	0.3	1	23119 1596
61	25082	0.3	1	22769 2313
62	33011	0.3	1	26961 6050
63	45638	0.3	1	37590 8048
64	30865	0.3	1	26699 4166
65	21089	0.3	1	14946 6143
66	25858	0.3	1	15639 10219
67	39669	0.3	1	11022 28647
68	62227	0.3	1	9090 53137
69	232491	0.3	1	7255 225236
70	98465	0.3	1	8400 90065
71	20216	0.3	1	3828 16388
72	6295	0.3	1	1430 4865
73	2161	0.3	1	502 1659
74	821	0.3	1	202 619
75	530	0.3	1	67 463
76	508	0.3	1	22 486
77	877	0.3	1	9 868
78	836	0.3	1	4 832
79	877	0.3	1	3 874
80	856	0.3	1	1 855
81	456	0.3	1	0 456
82	398	0.3	1	2 396
83	387	0.3	1	1 386
84	322	0.3	1	0 322
85	357	0.3	1	1 356
86	329	0.3	1	0 329
87	378	0.3	1	1 377
88	427	0.3	1	0 427
89	434	0.3	1	2 432
90	516	0.3	1	0 516
91	543	0.3	1	2 541
92	661	0.3	1	0 661
93	663	0.3	1	1 662
94	776	0.3	1	1 775
95	886	0.3	1	1 885
96	1163	0.3	1	0 1163
97	1229	0.3	1	0 1229
98	1288	0.3	1	1 1287
99	1526	0.3	1	3 1523
100	3635	0.3	1	1 3634
101	12659	0.3	1	1 12658

RUN STATISTICS FOR INPUT FILE: ./fastq_reads/SRR2961597.fastq
=============================================
18717366 sequences processed in total
Sequences removed because they became shorter than the length cutoff of 20 bp:	505062 (2.7%)

