
SUMMARISING RUN PARAMETERS
==========================
Input filename: ./fastq_reads/SRR2961594.fastq
Trimming mode: single-end
Trim Galore version: 0.6.7
Cutadapt version: 4.0
Python version: could not detect
Number of cores used for trimming: 2
Quality Phred score cutoff: 20
Quality encoding type selected: ASCII+33
Using Illumina adapter for trimming (count: 175393). Second best hit was Nextera (count: 6)
Adapter sequence: 'AGATCGGAAGAGC' (Illumina TruSeq, Sanger iPCR; auto-detected)
Maximum trimming error rate: 0.1 (default)
Minimum required adapter overlap (stringency): 1 bp
Minimum required sequence length before a sequence gets removed: 20 bp


This is cutadapt 4.0 with Python 3.9.12
Command line parameters: -j 2 -e 0.1 -q 20 -O 1 -a AGATCGGAAGAGC ./fastq_reads/SRR2961594.fastq
Processing single-end reads on 2 cores ...
Finished in 105.48 s (4 µs/read; 13.65 M reads/minute).

=== Summary ===

Total reads processed:              23,997,364
Reads with adapters:                13,517,970 (56.3%)
Reads written (passing filters):    23,997,364 (100.0%)

Total basepairs processed: 2,423,733,764 bp
Quality-trimmed:              91,595,660 bp (3.8%)
Total written (filtered):  2,050,779,656 bp (84.6%)

=== Adapter 1 ===

Sequence: AGATCGGAAGAGC; Type: regular 3'; Length: 13; Trimmed: 13517970 times

Minimum overlap: 1
No. of allowed errors:
1-9 bp: 0; 10-13 bp: 1

Bases preceding removed adapters:
  A: 28.7%
  C: 20.6%
  G: 19.2%
  T: 20.8%
  none/other: 10.7%

Overview of removed sequences
length	count	expect	max.err	error counts
1	4361645	5999341.0	0	4361645
2	1357622	1499835.2	0	1357622
3	467617	374958.8	0	467617
4	178293	93739.7	0	178293
5	114719	23434.9	0	114719
6	113773	5858.7	0	113773
7	118692	1464.7	0	118692
8	106101	366.2	0	106101
9	129824	91.5	0	129480 344
10	133199	22.9	1	130600 2599
11	104922	5.7	1	102880 2042
12	142880	1.4	1	140182 2698
13	97527	0.4	1	95567 1960
14	114712	0.4	1	112451 2261
15	108113	0.4	1	105857 2256
16	110097	0.4	1	107503 2594
17	123208	0.4	1	119984 3224
18	138261	0.4	1	136021 2240
19	75987	0.4	1	74452 1535
20	115833	0.4	1	113654 2179
21	115709	0.4	1	113632 2077
22	124574	0.4	1	122254 2320
23	115837	0.4	1	113757 2080
24	126258	0.4	1	123827 2431
25	120486	0.4	1	118240 2246
26	103521	0.4	1	101169 2352
27	118962	0.4	1	115782 3180
28	130050	0.4	1	127042 3008
29	108499	0.4	1	105965 2534
30	143880	0.4	1	141208 2672
31	83504	0.4	1	81736 1768
32	129686	0.4	1	126543 3143
33	105837	0.4	1	103032 2805
34	118936	0.4	1	114095 4841
35	127384	0.4	1	123258 4126
36	120160	0.4	1	116107 4053
37	96599	0.4	1	93473 3126
38	93248	0.4	1	90262 2986
39	99793	0.4	1	96350 3443
40	86149	0.4	1	82992 3157
41	87403	0.4	1	84217 3186
42	113672	0.4	1	109133 4539
43	91657	0.4	1	88129 3528
44	100098	0.4	1	94822 5276
45	120135	0.4	1	114517 5618
46	106266	0.4	1	102373 3893
47	64505	0.4	1	61801 2704
48	60716	0.4	1	58012 2704
49	76724	0.4	1	73750 2974
50	64449	0.4	1	61831 2618
51	73384	0.4	1	69368 4016
52	101906	0.4	1	96710 5196
53	102269	0.4	1	99025 3244
54	29805	0.4	1	27525 2280
55	46703	0.4	1	43607 3096
56	54191	0.4	1	49443 4748
57	67644	0.4	1	61965 5679
58	31776	0.4	1	25785 5991
59	49899	0.4	1	45202 4697
60	25848	0.4	1	20966 4882
61	26760	0.4	1	19921 6839
62	45955	0.4	1	25793 20162
63	60973	0.4	1	41758 19215
64	30659	0.4	1	21585 9074
65	22743	0.4	1	9057 13686
66	39260	0.4	1	13599 25661
67	83764	0.4	1	10235 73529
68	156191	0.4	1	8172 148019
69	609171	0.4	1	6504 602667
70	329326	0.4	1	6584 322742
71	61119	0.4	1	3377 57742
72	11521	0.4	1	1340 10181
73	5513	0.4	1	499 5014
74	1986	0.4	1	175 1811
75	1386	0.4	1	61 1325
76	1584	0.4	1	16 1568
77	2803	0.4	1	10 2793
78	2488	0.4	1	2 2486
79	2643	0.4	1	2 2641
80	2362	0.4	1	3 2359
81	1302	0.4	1	0 1302
82	1076	0.4	1	1 1075
83	1069	0.4	1	0 1069
84	843	0.4	1	0 843
85	871	0.4	1	0 871
86	924	0.4	1	1 923
87	964	0.4	1	0 964
88	1000	0.4	1	2 998
89	1165	0.4	1	1 1164
90	1267	0.4	1	1 1266
91	1444	0.4	1	1 1443
92	1566	0.4	1	0 1566
93	1749	0.4	1	1 1748
94	1921	0.4	1	0 1921
95	2319	0.4	1	1 2318
96	2954	0.4	1	1 2953
97	3150	0.4	1	0 3150
98	3398	0.4	1	3 3395
99	3954	0.4	1	0 3954
100	10083	0.4	1	0 10083
101	25597	0.4	1	2 25595

RUN STATISTICS FOR INPUT FILE: ./fastq_reads/SRR2961594.fastq
=============================================
23997364 sequences processed in total
Sequences removed because they became shorter than the length cutoff of 20 bp:	1462341 (6.1%)

