
SUMMARISING RUN PARAMETERS
==========================
Input filename: ./fastq_reads/SRR2961602.fastq
Trimming mode: single-end
Trim Galore version: 0.6.7
Cutadapt version: 4.0
Python version: could not detect
Number of cores used for trimming: 2
Quality Phred score cutoff: 20
Quality encoding type selected: ASCII+33
Using Illumina adapter for trimming (count: 175393). Second best hit was Nextera (count: 6)
Adapter sequence: 'AGATCGGAAGAGC' (Illumina TruSeq, Sanger iPCR; auto-detected)
Maximum trimming error rate: 0.1 (default)
Minimum required adapter overlap (stringency): 1 bp
Minimum required sequence length before a sequence gets removed: 20 bp


This is cutadapt 4.0 with Python 3.9.12
Command line parameters: -j 2 -e 0.1 -q 20 -O 1 -a AGATCGGAAGAGC ./fastq_reads/SRR2961602.fastq
Processing single-end reads on 2 cores ...
Finished in 77.55 s (5 µs/read; 13.03 M reads/minute).

=== Summary ===

Total reads processed:              16,834,181
Reads with adapters:                13,026,850 (77.4%)
Reads written (passing filters):    16,834,181 (100.0%)

Total basepairs processed: 1,700,252,281 bp
Quality-trimmed:             161,363,308 bp (9.5%)
Total written (filtered):    986,520,276 bp (58.0%)

=== Adapter 1 ===

Sequence: AGATCGGAAGAGC; Type: regular 3'; Length: 13; Trimmed: 13026850 times

Minimum overlap: 1
No. of allowed errors:
1-9 bp: 0; 10-13 bp: 1

Bases preceding removed adapters:
  A: 19.0%
  C: 14.8%
  G: 14.3%
  T: 13.8%
  none/other: 38.2%

Overview of removed sequences
length	count	expect	max.err	error counts
1	1821771	4208545.2	0	1821771
2	507482	1052136.3	0	507482
3	201797	263034.1	0	201797
4	99543	65758.5	0	99543
5	83757	16439.6	0	83757
6	83310	4109.9	0	83310
7	84607	1027.5	0	84607
8	85370	256.9	0	85370
9	93080	64.2	0	92892 188
10	99683	16.1	1	96471 3212
11	96548	4.0	1	93338 3210
12	107257	1.0	1	103766 3491
13	93443	0.3	1	90083 3360
14	98399	0.3	1	94701 3698
15	94010	0.3	1	90413 3597
16	93237	0.3	1	89633 3604
17	104561	0.3	1	100333 4228
18	112723	0.3	1	108408 4315
19	84097	0.3	1	80795 3302
20	107546	0.3	1	103603 3943
21	116417	0.3	1	112126 4291
22	123660	0.3	1	119108 4552
23	120684	0.3	1	115861 4823
24	115374	0.3	1	110679 4695
25	115495	0.3	1	110929 4566
26	107537	0.3	1	102323 5214
27	113216	0.3	1	106353 6863
28	117680	0.3	1	111265 6415
29	106695	0.3	1	100890 5805
30	122544	0.3	1	116448 6096
31	93586	0.3	1	88483 5103
32	121984	0.3	1	115561 6423
33	92349	0.3	1	86246 6103
34	97325	0.3	1	90595 6730
35	92324	0.3	1	86141 6183
36	88703	0.3	1	82382 6321
37	89467	0.3	1	83050 6417
38	79454	0.3	1	74206 5248
39	78393	0.3	1	72336 6057
40	82697	0.3	1	75976 6721
41	85273	0.3	1	78872 6401
42	92702	0.3	1	85659 7043
43	89683	0.3	1	82957 6726
44	85749	0.3	1	79555 6194
45	88833	0.3	1	82504 6329
46	82538	0.3	1	76840 5698
47	71852	0.3	1	66686 5166
48	70090	0.3	1	65046 5044
49	73289	0.3	1	68101 5188
50	69194	0.3	1	64208 4986
51	76758	0.3	1	70508 6250
52	86621	0.3	1	80128 6493
53	90819	0.3	1	84422 6397
54	54245	0.3	1	50229 4016
55	62709	0.3	1	58013 4696
56	62514	0.3	1	57741 4773
57	60883	0.3	1	55782 5101
58	54171	0.3	1	49142 5029
59	58480	0.3	1	53354 5126
60	45089	0.3	1	40361 4728
61	49160	0.3	1	43202 5958
62	56663	0.3	1	46074 10589
63	62248	0.3	1	50315 11933
64	48286	0.3	1	40463 7823
65	43470	0.3	1	32441 11029
66	44847	0.3	1	28241 16606
67	61799	0.3	1	24263 37536
68	107954	0.3	1	22186 85768
69	376795	0.3	1	20212 356583
70	416543	0.3	1	27365 389178
71	435847	0.3	1	16580 419267
72	894841	0.3	1	10231 884610
73	1264462	0.3	1	5941 1258521
74	251872	0.3	1	3133 248739
75	37766	0.3	1	1286 36480
76	131062	0.3	1	468 130594
77	179678	0.3	1	192 179486
78	173494	0.3	1	79 173415
79	128150	0.3	1	60 128090
80	96127	0.3	1	32 96095
81	45710	0.3	1	15 45695
82	45659	0.3	1	16 45643
83	27221	0.3	1	5 27216
84	19414	0.3	1	10 19404
85	9714	0.3	1	8 9706
86	9248	0.3	1	8 9240
87	6251	0.3	1	6 6245
88	5121	0.3	1	1 5120
89	4356	0.3	1	9 4347
90	4061	0.3	1	7 4054
91	3886	0.3	1	5 3881
92	4300	0.3	1	3 4297
93	4513	0.3	1	0 4513
94	5273	0.3	1	8 5265
95	6525	0.3	1	9 6516
96	8439	0.3	1	4 8435
97	11326	0.3	1	5 11321
98	13703	0.3	1	8 13695
99	18595	0.3	1	4 18591
100	43053	0.3	1	3 43050
101	180121	0.3	1	3 180118

RUN STATISTICS FOR INPUT FILE: ./fastq_reads/SRR2961602.fastq
=============================================
16834181 sequences processed in total
Sequences removed because they became shorter than the length cutoff of 20 bp:	4996797 (29.7%)

