
SUMMARISING RUN PARAMETERS
==========================
Input filename: ./fastq_reads/SRR2961600.fastq
Trimming mode: single-end
Trim Galore version: 0.6.7
Cutadapt version: 4.0
Python version: could not detect
Number of cores used for trimming: 2
Quality Phred score cutoff: 20
Quality encoding type selected: ASCII+33
Using Illumina adapter for trimming (count: 175393). Second best hit was Nextera (count: 6)
Adapter sequence: 'AGATCGGAAGAGC' (Illumina TruSeq, Sanger iPCR; auto-detected)
Maximum trimming error rate: 0.1 (default)
Minimum required adapter overlap (stringency): 1 bp
Minimum required sequence length before a sequence gets removed: 20 bp


This is cutadapt 4.0 with Python 3.9.12
Command line parameters: -j 2 -e 0.1 -q 20 -O 1 -a AGATCGGAAGAGC ./fastq_reads/SRR2961600.fastq
Processing single-end reads on 2 cores ...
Finished in 153.89 s (4 µs/read; 13.50 M reads/minute).

=== Summary ===

Total reads processed:              34,624,253
Reads with adapters:                23,633,937 (68.3%)
Reads written (passing filters):    34,624,253 (100.0%)

Total basepairs processed: 3,497,049,553 bp
Quality-trimmed:             347,516,614 bp (9.9%)
Total written (filtered):  2,174,008,412 bp (62.2%)

=== Adapter 1 ===

Sequence: AGATCGGAAGAGC; Type: regular 3'; Length: 13; Trimmed: 23633937 times

Minimum overlap: 1
No. of allowed errors:
1-9 bp: 0; 10-13 bp: 1

Bases preceding removed adapters:
  A: 18.5%
  C: 12.3%
  G: 13.0%
  T: 11.4%
  none/other: 44.8%

Overview of removed sequences
length	count	expect	max.err	error counts
1	4846097	8656063.2	0	4846097
2	1384038	2164015.8	0	1384038
3	479152	541004.0	0	479152
4	192901	135251.0	0	192901
5	148352	33812.7	0	148352
6	141990	8453.2	0	141990
7	143173	2113.3	0	143173
8	140809	528.3	0	140809
9	152311	132.1	0	151586 725
10	161431	33.0	1	155337 6094
11	148728	8.3	1	142176 6552
12	165386	2.1	1	157009 8377
13	145099	0.5	1	137032 8067
14	152121	0.5	1	143914 8207
15	142904	0.5	1	135046 7858
16	138182	0.5	1	130313 7869
17	149932	0.5	1	140954 8978
18	156804	0.5	1	148226 8578
19	111232	0.5	1	104464 6768
20	135551	0.5	1	127734 7817
21	136184	0.5	1	127860 8324
22	135025	0.5	1	126767 8258
23	128585	0.5	1	119975 8610
24	121581	0.5	1	113013 8568
25	120771	0.5	1	112595 8176
26	111173	0.5	1	99068 12105
27	115715	0.5	1	102059 13656
28	118014	0.5	1	106396 11618
29	106958	0.5	1	96423 10535
30	120049	0.5	1	109901 10148
31	86426	0.5	1	77564 8862
32	112499	0.5	1	102062 10437
33	95426	0.5	1	83698 11728
34	99595	0.5	1	89942 9653
35	96169	0.5	1	86978 9191
36	92611	0.5	1	84156 8455
37	89572	0.5	1	80914 8658
38	88831	0.5	1	78520 10311
39	91947	0.5	1	81352 10595
40	97450	0.5	1	86799 10651
41	86009	0.5	1	75895 10114
42	97644	0.5	1	86246 11398
43	91315	0.5	1	80968 10347
44	91316	0.5	1	81784 9532
45	95822	0.5	1	86459 9363
46	88944	0.5	1	80091 8853
47	77649	0.5	1	69855 7794
48	75415	0.5	1	67769 7646
49	78774	0.5	1	71068 7706
50	73098	0.5	1	65666 7432
51	77800	0.5	1	68579 9221
52	84668	0.5	1	75453 9215
53	85460	0.5	1	77516 7944
54	51393	0.5	1	45526 5867
55	59778	0.5	1	53383 6395
56	59160	0.5	1	52459 6701
57	57237	0.5	1	49738 7499
58	49674	0.5	1	42365 7309
59	50604	0.5	1	43936 6668
60	38481	0.5	1	31095 7386
61	40854	0.5	1	31081 9773
62	47029	0.5	1	30328 16701
63	50980	0.5	1	30254 20726
64	37271	0.5	1	23539 13732
65	39422	0.5	1	19010 20412
66	52820	0.5	1	17514 35306
67	98669	0.5	1	15509 83160
68	216555	0.5	1	14666 201889
69	738922	0.5	1	14024 724898
70	833454	0.5	1	19442 814012
71	906904	0.5	1	11697 895207
72	1904060	0.5	1	7120 1896940
73	2702015	0.5	1	4204 2697811
74	537647	0.5	1	2247 535400
75	78930	0.5	1	1068 77862
76	280196	0.5	1	336 279860
77	381276	0.5	1	152 381124
78	369470	0.5	1	90 369380
79	274123	0.5	1	38 274085
80	205348	0.5	1	33 205315
81	97021	0.5	1	24 96997
82	96414	0.5	1	14 96400
83	57277	0.5	1	8 57269
84	41227	0.5	1	15 41212
85	20641	0.5	1	11 20630
86	19464	0.5	1	15 19449
87	13223	0.5	1	9 13214
88	10902	0.5	1	10 10892
89	9364	0.5	1	9 9355
90	8437	0.5	1	17 8420
91	8218	0.5	1	9 8209
92	8871	0.5	1	7 8864
93	9725	0.5	1	5 9720
94	11355	0.5	1	16 11339
95	14011	0.5	1	7 14004
96	17462	0.5	1	20 17442
97	22903	0.5	1	8 22895
98	27488	0.5	1	14 27474
99	36442	0.5	1	9 36433
100	78878	0.5	1	6 78872
101	357654	0.5	1	7 357647

RUN STATISTICS FOR INPUT FILE: ./fastq_reads/SRR2961600.fastq
=============================================
34624253 sequences processed in total
Sequences removed because they became shorter than the length cutoff of 20 bp:	10623496 (30.7%)

