
SUMMARISING RUN PARAMETERS
==========================
Input filename: ./fastq_reads/SRR2961598.fastq
Trimming mode: single-end
Trim Galore version: 0.6.7
Cutadapt version: 4.0
Python version: could not detect
Number of cores used for trimming: 2
Quality Phred score cutoff: 20
Quality encoding type selected: ASCII+33
Using Illumina adapter for trimming (count: 175393). Second best hit was Nextera (count: 6)
Adapter sequence: 'AGATCGGAAGAGC' (Illumina TruSeq, Sanger iPCR; auto-detected)
Maximum trimming error rate: 0.1 (default)
Minimum required adapter overlap (stringency): 1 bp
Minimum required sequence length before a sequence gets removed: 20 bp


This is cutadapt 4.0 with Python 3.9.12
Command line parameters: -j 2 -e 0.1 -q 20 -O 1 -a AGATCGGAAGAGC ./fastq_reads/SRR2961598.fastq
Processing single-end reads on 2 cores ...
Finished in 101.25 s (4 µs/read; 13.44 M reads/minute).

=== Summary ===

Total reads processed:              22,682,602
Reads with adapters:                13,136,448 (57.9%)
Reads written (passing filters):    22,682,602 (100.0%)

Total basepairs processed: 2,290,942,802 bp
Quality-trimmed:              61,783,574 bp (2.7%)
Total written (filtered):  1,965,626,700 bp (85.8%)

=== Adapter 1 ===

Sequence: AGATCGGAAGAGC; Type: regular 3'; Length: 13; Trimmed: 13136448 times

Minimum overlap: 1
No. of allowed errors:
1-9 bp: 0; 10-13 bp: 1

Bases preceding removed adapters:
  A: 28.4%
  C: 22.2%
  G: 22.2%
  T: 22.8%
  none/other: 4.4%

Overview of removed sequences
length	count	expect	max.err	error counts
1	3957664	5670650.5	0	3957664
2	1265482	1417662.6	0	1265482
3	450457	354415.7	0	450457
4	175899	88603.9	0	175899
5	115060	22151.0	0	115060
6	116872	5537.7	0	116872
7	123579	1384.4	0	123579
8	109363	346.1	0	109363
9	135304	86.5	0	134767 537
10	149599	21.6	1	146556 3043
11	111592	5.4	1	108813 2779
12	156000	1.4	1	152564 3436
13	105502	0.3	1	102755 2747
14	130094	0.3	1	126889 3205
15	101825	0.3	1	99108 2717
16	139728	0.3	1	135753 3975
17	106413	0.3	1	102987 3426
18	138556	0.3	1	135779 2777
19	77639	0.3	1	75487 2152
20	118327	0.3	1	115583 2744
21	135452	0.3	1	132256 3196
22	136757	0.3	1	133621 3136
23	127053	0.3	1	124409 2644
24	133708	0.3	1	130755 2953
25	140447	0.3	1	137453 2994
26	101924	0.3	1	99253 2671
27	125922	0.3	1	122601 3321
28	139104	0.3	1	135664 3440
29	118813	0.3	1	115783 3030
30	168466	0.3	1	164901 3565
31	80939	0.3	1	78700 2239
32	152091	0.3	1	148105 3986
33	121896	0.3	1	118586 3310
34	134943	0.3	1	130389 4554
35	127758	0.3	1	124067 3691
36	122061	0.3	1	118241 3820
37	122904	0.3	1	118987 3917
38	113602	0.3	1	110054 3548
39	110132	0.3	1	105910 4222
40	118789	0.3	1	114257 4532
41	134783	0.3	1	130545 4238
42	130083	0.3	1	125561 4522
43	131766	0.3	1	127911 3855
44	126331	0.3	1	121493 4838
45	164448	0.3	1	158557 5891
46	134884	0.3	1	130288 4596
47	78204	0.3	1	75359 2845
48	81115	0.3	1	78161 2954
49	96971	0.3	1	93742 3229
50	83565	0.3	1	80816 2749
51	96232	0.3	1	92832 3400
52	141880	0.3	1	137221 4659
53	152860	0.3	1	149161 3699
54	40135	0.3	1	38210 1925
55	70637	0.3	1	67990 2647
56	74904	0.3	1	71629 3275
57	91403	0.3	1	87500 3903
58	42698	0.3	1	39442 3256
59	69184	0.3	1	66055 3129
60	33504	0.3	1	30940 2564
61	35036	0.3	1	31798 3238
62	49696	0.3	1	40674 9022
63	79275	0.3	1	70124 9151
64	41645	0.3	1	37341 4304
65	21640	0.3	1	16161 5479
66	32971	0.3	1	23071 9900
67	44826	0.3	1	17136 27690
68	70562	0.3	1	14186 56376
69	241015	0.3	1	11296 229719
70	146508	0.3	1	11998 134510
71	30308	0.3	1	6341 23967
72	9790	0.3	1	2824 6966
73	3332	0.3	1	1046 2286
74	1221	0.3	1	396 825
75	738	0.3	1	138 600
76	785	0.3	1	34 751
77	1465	0.3	1	17 1448
78	1308	0.3	1	10 1298
79	1327	0.3	1	5 1322
80	1176	0.3	1	2 1174
81	624	0.3	1	0 624
82	500	0.3	1	3 497
83	487	0.3	1	0 487
84	382	0.3	1	1 381
85	351	0.3	1	0 351
86	413	0.3	1	1 412
87	404	0.3	1	1 403
88	426	0.3	1	2 424
89	459	0.3	1	0 459
90	535	0.3	1	0 535
91	566	0.3	1	0 566
92	647	0.3	1	2 645
93	690	0.3	1	2 688
94	775	0.3	1	0 775
95	989	0.3	1	0 989
96	1113	0.3	1	3 1110
97	1207	0.3	1	0 1207
98	1345	0.3	1	1 1344
99	1911	0.3	1	0 1911
100	4474	0.3	1	1 4473
101	10223	0.3	1	1 10222

RUN STATISTICS FOR INPUT FILE: ./fastq_reads/SRR2961598.fastq
=============================================
22682602 sequences processed in total
Sequences removed because they became shorter than the length cutoff of 20 bp:	582684 (2.6%)

